-348.09060159884075 -252.48478453475877
-692.8385689515126 -292.73136937597644
-920.5791792562092 -911.9266207689358
-352.36536513170665 -763.7605237731611
-82.86005105418201 -569.2046682416328
-309.4960326086908 -662.3601059583207
-459.82618995131236 -581.9744824039024
-327.75781445793757 -989.0408600880908
-357.9103894001647 55.86923631729837
-563.0216304179477 -156.74559293079778
-941.7452340750851 -813.8022906474671
-537.9415206332006 -315.4788989510422
-861.8974956981142 -354.0057452601484
-788.4664396545156 -394.5104312299013
-39.200220604992865 74.47486730307924
-241.530763760872 -168.01004828727332
-668.9661200631247 -965.7432432145624
-966.5399694597196 -721.2975138733311
-316.12422396154363 20.372949441507785
-598.0578915885906 -817.5025395227499
-644.8808569683699 -82.51964760636145
-103.08130617585323 -947.2548048643356
-632.9787591111259 63.7987281237024
46.74627134634966 -819.683984679055
-222.25362862814336 -721.5629019372941
-746.9756492689082 -339.60313828136566
-785.9042895760153 -104.98440253148772
-690.0916114108636 -160.2773559254672
-396.29286113533635 -128.45270119546092
-292.06184296843185 -399.45497323045174
-5.611479918864461 -356.58939152984703
-861.6141713675086 -772.6328520408554
-708.2360288342734 -236.58659222558924
-231.15453478531458 -757.1525617285527
-786.757423348805 -233.099947700675
-132.38735169130575 -70.76735145369491
-147.35888956161762 -521.6435226575319
-332.1661689262679 10.483645843741101
-342.1793192274283 -286.1395526157106
-699.7457586871353 -977.3520394149087
-12.805475087916989 -782.1176583201323
-667.2233281902223 -577.5252245305194
-986.1177864350975 -309.35864603138225
-421.5650329226087 -291.62198188148
-898.097596520426 74.67204759310039
-541.0336135887742 -774.112138345668
-134.5204795381826 -635.3176692115568
-622.3681109981069 -127.48929943396922
-981.8685889990626 31.736123859497184
51.17630569820608 50.845042050901384
-816.3734208400297 -20.470667701925777
-26.28293039471282 -262.2091897908838
-205.35547215278893 -305.507309347321
-588.030927015594 -168.5322370779529
-98.96711752399631 -835.4138789825981
-466.6920319317717 -953.1662873931655
-33.58480090986893 -219.47959463362088
-369.87750026316735 -85.48146151177559
-981.3435501312666 -226.57296907720433
-583.7473731157879 -641.503039840425
-963.0098485110715 -486.36802540590804
-215.73675270962326 -205.1464170652756
-720.3857767491804 -256.7341209666307
-905.2201329312893 -307.1241934979148
54.019229840499975 -339.2886637711798
-989.4546972949245 -811.6452849458847
-905.0024626112695 -579.903654035198
-613.3830040564945 -680.0618156337499
-880.6859129401016 -513.4042291800531
-910.8560395606205 -740.0562257814549
99.58245094837093 -968.5948392139768
-439.68344273687376 -958.7726648204265
-859.3875191014097 -231.79258281462387
-268.41685823393584 7.958894847491592
-148.791805188009 4.789414271709234
-401.64771525322647 53.58367701176394
-782.5895121494643 -171.64108950970137
57.28108971683969 -891.393830856343
-363.8407655103093 -803.9332089209843
-485.9959070574213 -227.13451078342246
-115.52046921524163 -825.6918182849765
-405.89235536074875 16.982428029714697
-977.7597223293623 -255.7263612843426
-114.32720590911617 -483.0081356782606
-689.6671767607838 -97.63256165893233
-247.42604988629296 -547.5008737119379
-999.6724997918618 42.40427056384624
-323.0657996847583 -252.458100160208
-968.9526325191638 -53.854568989773384
36.52985076712207 92.31417041985469
-240.29194537475723 96.90302432222552
-43.67467664041692 -846.2143154855842
-676.3161798591516 -463.04824222020454
-519.079474050568 -54.74222195244067
-744.5386586263414 -976.9187734491476
-721.2666727146748 -970.8178606672287
-744.5062256068998 -395.3682229301677
-583.5419097039994 -696.0128229850042
-169.01874316587953 -84.11516522617762
-518.1760414113816 -589.3874071328673
-494.51597246632747 -228.73039508759894
-235.42519473614345 -778.3657399129461
-188.21692058146755 -256.41984379521284
-477.91905867778576 -648.3695948723043
-361.1140176371126 -447.15015620120573
29.187476433682605 -730.3161202537551
-424.34084659160305 -383.6802987072175
-971.6572234496292 -939.6547649572385
-169.5483833632352 -882.0159210352408
-850.9024557430666 -488.92100467715727
-418.9575124702294 -653.4053005966384
-521.1831758986639 -677.746683559102
-949.2410859008073 34.89266226464338
-981.9769209701327 -357.2890136688833
21.35373261900679 -685.9029400773542
-710.2445046361103 -920.1416156480119
-604.0098564838703 -609.4259082031501
-163.60539308614625 -151.01484317611437
-391.56648338782406 -74.90785927559273
-971.967470982338 -854.3618693949436
-415.9013198190662 -828.6094958931324
-95.13691912897195 -615.5238697918167
-433.69289997892156 -7.151060244788937
-373.30444723808125 86.25238918663626
-720.9745789941765 -796.6242653603299
-175.60814529309732 -966.4824661806093
-241.44771293911492 -588.9250142193987
-818.891696744897 -442.7591121058027
-741.636504007254 -590.610361086449
-303.0726439445632 -720.3068170280662
-958.7281315495125 -626.0717620954817
-802.8460465347956 -471.6164359781816
-163.67835548306368 -762.5453868604653
-279.89735970964944 -91.24772398835455
-785.445938482087 -25.294977728719573
-569.5527862202408 -455.9445531271231
-353.2749374733262 -474.0602084007703
50.50648634852314 -338.12901865336494
-809.2560048685351 -11.304438464662553
-279.76281962629423 70.04839856973808
-254.2962786365531 -88.64047760940377
-591.2005560332341 -826.9072098419551
-342.60131302209675 -9.454843353004094
-448.4228839497881 -574.1365177338697
-595.9241807449393 -571.6944096659362
-662.9878769008611 -245.16002447185065
-577.8235793890813 -696.6764263435296
-442.9568603658656 -852.7290550175907
-927.9865079656079 -721.7509115949115
-834.4280301522621 -696.6160848381564
-603.4605492333477 -558.0834178818902
93.7877614703807 -368.99524626492735
-179.1569697402149 -699.8096694800831
-42.34792159584322 -663.8025021885769
-278.6947475000153 -751.6355377644495
21.94739840119348 -399.74021499367177
-904.2275643969261 -496.4371642287985
-551.6457122544689 -524.3112613161417
-82.52126843678298 -814.2263610258319
-341.1037082491191 -410.2483279754374
-358.3589953773104 -197.25241088052746
58.353898199604146 -980.2190260261856
-142.58734987720777 -447.76250791378254
-933.0498368889312 -84.52157540656287
-210.7495758424044 -973.6228003392382
-440.72426747910924 -15.106201376135118
86.54570380452788 -95.57799601656905
-563.4676806347841 -567.7112488989793
-345.2211275434188 -174.71149242738238
-729.95545109728 -245.40751539220582
-505.6536227240799 -582.902562652187
-154.99544935780466 -909.409970150484
20.16099321772174 -803.0216280863123
-285.8103998924597 -697.7882108008719
-621.4820316489588 -70.695196329532
-437.42115083453086 -170.4096749411366
-518.3047757025017 -118.46927174574921
-387.9818995367376 -791.9869915113579
61.87572536650987 -886.689386960424
77.25201305436894 -650.1563826990741
-63.24771725985363 -178.85676885885846
-456.4754642627147 -47.70354576976604
-440.3144674903141 -709.946944823937
-621.4361055095438 -152.85320828862677
-177.24689092356937 -406.2316875024561
-616.7818585571166 -613.4910511062425
-22.954650041135324 -579.6539594664634
-327.00413012630474 -209.0546599101483
-787.7470042433051 -448.21391996999455
8.302989290164419 -360.30748926983244
-136.47003552051353 -363.65681979998647
-639.5266637035274 -68.28363972889429
33.93812146741334 -935.6678991047422
14.887308096681295 -856.2641046543417
-389.72714493823105 -993.6300589877712
-464.78322468423005 -119.19327611075857
-280.60637613700055 -496.72541431799584
-466.4643771194824 -910.2995752381298
-180.77518150898004 -186.66440738582128
-698.4391510413477 -682.074970896629
-495.70797857932376 -268.76511993444524
-221.55562364179582 -366.30956617122183
-348.9175810531483 -474.6716422757182
-663.8203139825621 -900.7114667901569
-541.9214924569765 -678.7121865120894
-271.6933807960738 -122.73193355632293
-251.83012303420458 -746.1102156239073
-181.1985547084514 -67.2291558237215
-604.8352495730164 -990.8588457580743
-10.778241236684721 -216.52655552208626
-840.013733251463 -936.7233822430575
-615.4311020766478 -468.98840939451236
-109.10496109252585 -263.30070862341495
-589.1405397810402 -596.7813626979895
-917.6507956022758 -235.35360455529315
-837.2229217865989 -156.9569246107717
-418.1860906235131 55.410389220126945
-594.9421301879099 -194.23800761689097
-865.268425574866 -452.69862044154536
-350.4213505038405 -764.8509349321887
-231.70762402619675 -148.01881217887478
-719.9142688325792 -953.3248967415853
-463.5095083328323 -985.8254201399156
-509.67385176284597 -779.2242602290455
-697.7574393363955 -114.9973398453194
-661.6771516285473 -97.29871039916384
-682.7830894386611 -95.9419581559415
-23.13810303473872 -747.204576831318
-193.40310623034736 -473.3750413325747
-817.6911520415696 -872.9538289801894
78.28029763985637 -373.45040797605
-377.52538575344795 -207.76758249525642
-612.0122805543006 -846.682271841443
-381.61613210425105 -108.10235050038443
-405.6738774315602 -271.60735629939575
-832.9440197278909 -799.5769122394228
-889.9537341827945 -669.0426579628523
-495.4378655043749 -18.33144771274715
-138.66661116800321 -741.6804683685067
-306.46554412881846 -265.25879734236617
-66.60407131095792 -975.1922947457743
-917.2260516243375 -220.13130676760966
-617.7020336287405 -626.0070953770675
-300.16569038784496 -651.0741861816837
-115.02325083573385 -507.511533666873
-961.738534166009 -907.4321144841523
-888.0948201183778 -917.4090257208296
-971.5475265875625 -210.42956083892568
-208.1732852490195 -593.9873511140197
-863.2598095354961 -319.3236489340601
-145.33376349958075 -309.41226444823894
-733.87042320873 -874.2964940857224
-474.27465916995345 -226.1656737310301
-214.76083752823058 -572.8254681411736
-310.55631268766865 -554.045462881005
-274.275598967384 -52.59748756903775
-906.7844335592414 -869.8639012329659
-830.574572256503 -744.6434604517968
-274.6767629532667 -773.5049320295448
-850.6530696021595 -280.7643412695569
-17.36790705731937 -179.0975600391174
-682.7221654187069 -168.3610219970767
-230.4501911200017 -457.46528089929086
-112.40885383475893 -226.57676356918375
-398.39037987527695 -937.4086781120853
-298.4102678773927 -277.8037453361442
-794.6788807659997 -648.9205715915
-818.5404426701349 41.05737146050137
-602.5754256497473 -246.90858302967536
-749.0619633199049 -636.7872213976962
-210.63022767544726 -80.34390085878749
-310.3655103438331 -774.7870965753566
-824.8020305354275 91.40330968133185
-496.2412979103895 -643.7347000626323
-230.61460210463622 -309.1604654236453
-958.5766462718885 1.4870196437016148
-785.570894503468 -356.300317192511
-552.1331341293327 -2.211774501583591
-751.4032175093091 -431.8940089620213
-948.379775952484 -757.0540203057442
77.1028498906744 -945.2216194459471
-841.5457721914088 -239.87425794501962
-203.3671641744652 -621.8664989327215
-354.6326982014157 -472.50497740779815
-213.1120401978643 -937.4722889182343
-545.2847746024468 -911.2731193271186
-953.9319009378156 -576.1588816887861
-445.59921566951436 27.66936371778911
-793.3525559673155 7.273408208350247
-580.7051924870875 -649.3242063128329
53.40798996748481 -354.03524813591946
-904.5834979018373 -370.4830094503228
-868.6607455578192 -508.00506732303654
-63.62408087925553 -789.8812007099672
-181.6072788021586 -191.40193134200968
-826.9082780426016 -911.7769445983541
-525.6720449623822 -307.4971308799629
-36.909701131462384 -547.6772539829605
-490.0466051871786 -153.39066315217485
-787.1997324251248 -672.3231467388578
-160.06218909664085 -773.3847582756488
-68.83170740356559 -659.0070549688985
-328.75958096046656 -386.64606492795076
-970.1643417106644 -790.9661927952549
-198.50615787434197 -560.6885971835075
-811.8958279324008 -920.6264497724827
-289.0260419467811 78.0044157975426
-111.97103868152271 -862.6256185580584
-537.8412772348528 -476.53974320478346
-844.4194376963376 -979.4927317253776
-998.3079707874759 -229.74100933758336
-603.098664547206 -52.287090082205395
-29.347465653626273 -348.2466035781822
-329.1252967097063 -561.7999011272511
-105.73064813821622 -876.1945015520445
-225.84704260854835 -789.3890478159457
-349.84175332875 -503.9660023735167
-123.24141996897231 -676.9864215607993
34.48199447616935 -440.7470910241358
-810.3781883296215 -20.61665671749506
-482.0436864946622 -844.5350548668448
-536.6415646289796 -316.8223913512618
-681.4058994874915 -298.2677404377239
-962.2653549622322 -919.8143252402225
-746.1614127963429 -926.0574308764618
-26.18015159297954 -437.52463541172085
-423.3722618221924 -308.43044869512175
-223.07170864049226 -349.9882771980857
-384.87462751129044 -942.6572043605241
-33.39003557232172 -135.51461406657938
-261.07831126472956 50.935161736522105
-180.0314801011275 -355.217175421045
-829.0175349462127 -407.680699974311
-627.911984928183 -650.6772307361525
-764.9675774553339 -212.6084910500041
52.642163370305525 -284.0500407747678
-393.0792238589361 -545.8311553826143
-633.051411638721 -202.51979345233565
-574.9423469925217 -335.7645630259334
-727.5946890066664 -886.740457097177
-531.3005690329773 -846.8201357905787
-68.30145352280567 -873.6562282501418
-432.4662823773489 -65.15347894423667
-489.7814882461015 -925.3253683831244
-164.73054519711025 -901.490604996909
-637.5154707501285 -467.8181455058469
-924.5342996370752 -416.41339028000493
-836.1623803505714 -412.99516088334155
-761.4055463307135 -379.6168246154392
-185.36771464445883 -34.552298783168226
-815.4876870669907 -694.1940291682583
-805.0004365333785 -297.1262077922231
-20.550082477774822 -747.0888552641003
-454.6972291853615 -636.3689727416039
-615.8074098330178 -381.2980452983654
-472.68185637220836 -154.01937618844624
-981.3419232120239 -816.5410830299433
-990.2152594129913 -873.9419589099631
-256.9528088598786 -3.8047542204814135
-600.9497281451233 -472.96382524489854
-836.610773811781 -447.657499455354
-366.992119293295 -440.6540256186505
-71.2295407398567 10.467349693408664
-104.01816742659923 -821.5311227472075
-611.2602001064399 -86.05008608163814
-972.7895198112276 -449.80221913611274
-472.07672439966257 -65.66103501608143
9.223116377884935 -665.9654521470429
-139.89251237540782 -161.72006316787486
-693.6004792802164 -442.0971192366502
-999.3950993205569 -178.212195131474
-532.4533175211695 -689.8547865275907
-456.6193989584889 -940.2274948129021
-21.434926382648882 85.90104422463673
-341.20962552207425 -741.8815804814465
-987.7735956699448 -512.2342248899799
-755.522583457372 -694.3016065259336
-918.1013074150551 -869.2919106340967
-696.1978504441881 -997.2652085564541
-579.7663109824246 -901.8342918762883
-392.59495008189685 -854.2986859960902
-210.00476033161624 -442.7449292373087
-895.2525144053282 26.53734400320559
-574.9449447206694 -675.7476638094909
-558.0162012793094 -281.81801984377705
-822.4934990751274 -37.02032922527292
-884.9991668472413 -733.3639434731834
-261.27525312032947 14.727698042139423
-410.3469881361343 -791.8817980227598
-860.8534464453846 -698.4908001922805
-559.8094117398364 -148.31425359868228
-871.0157355309435 -736.4924470382778
98.6587674909581 -471.91108742673237
-701.2891509166848 -716.4866836867634
8.697939032342788 -189.58676638402494
-249.64722550472004 -853.9638170096007
-248.42197655873497 -876.0519126387767
-872.1773083386422 -649.065968543404
-669.1586183900499 -998.7832911579479
-549.7988623533736 1.1164888130819008
-949.0397408197737 33.7394323478527
-964.7347128067404 -880.8543676222388
-963.0952872323869 -194.705705031894
-751.9487122155257 -593.536212531311
-407.8103231861595 -867.5164422565258
-901.467619595751 -600.3767306340125
-187.0081441094768 -29.987836152383352
-996.1674464857877 -359.8424851566657
-13.368049169974938 -775.860581461692
-48.824340863748375 -905.1075129485588
-973.5626532298721 -5.903990577335435
41.94666301955431 -438.4214190066127
-650.90411836972 -520.2365277689875
-423.5232006832298 -20.176759907235578
-312.5774452145888 -599.8356479325626
50.056000688365884 62.09576345025084
-808.9801580835094 -648.6790331840356
-592.7525243856903 -479.85956073569764
-864.4123723336993 -769.1711045905481
-628.4340983781103 -508.0315695510011
-234.24038654628976 -539.8148132369528
-609.3984412663793 51.61778994607653
-78.15765988503256 -155.02572070516533
-313.2481594846638 -227.98583811649905
-233.55535942848587 -884.6426374174658
-453.0715420067522 -729.0407879065307
-360.79688061446814 -873.6429753428197
-857.2965107088767 -714.9120475198049
-686.345765635027 -431.5479760241517
-261.6656607842149 -293.99688897755345
-429.7328515526673 -957.361796752648
-301.6905402866588 71.87308182387869
-383.7453565624983 -237.4651680045797
90.72950501515925 -695.0846630677577
-321.60223737486626 -492.8037201266651
-256.0092737276848 28.075236040068148
-278.0864652640646 71.49898661818202
-61.384386653202455 -771.2972050578808
-1.8884223358743384 -308.28705503111155
-942.1071018291728 -787.1003377129491
-718.5687994778909 -325.69233179404193
-678.9885456581195 -168.26650512726644
68.09893901939836 -399.05693282359675
-713.3212309910422 -676.2981714849668
-694.8099473710184 -868.784878472735
-339.4560184230148 -38.519571966705485
-366.75917863934467 -543.0237374200465
-272.7027448442059 -130.4143774661336
-804.5970211208772 -901.167679674669
-674.8595329794296 -336.04567366972367
-537.516578903332 -527.3396574104871
-631.0744941825053 -300.3406870065404
-939.4027155746204 -798.8967338599249
-82.8251585906064 -980.9837028238721
-545.3810759615902 -146.34713007923517
-266.50214655658704 -218.6798622407009
-558.1776326399656 -160.14572284906262
-70.23528119929188 -835.1817692672664
24.182249230095977 -495.66172880476455
-58.33252151625322 -39.01227817892584
-512.4589352110781 -988.9024536332261
-512.7813447131816 -504.5946124730132
-288.5914183414078 -943.0603986503364
-388.99117200995045 -153.08205027709528
-888.982066906727 -760.6223229799635
-727.5631289015087 43.16038153915315
-253.74059349219647 -485.36789920492436
-441.8884034362138 -223.05229744598694
-740.3323627081977 -402.62007458091387
-734.102122367545 63.76281266353294
-493.5269504786782 -420.8591066241403
-832.6925866839903 -426.090070885984
-420.75063332556795 -913.1012314157911
-105.93408736154424 -198.78367007416296
33.96608186412209 -160.66879633956478
-257.71942118284676 -360.21196090311867
-364.2400921739737 -521.4570647711732
-658.4525535832536 -417.29377729089333
-501.1613945202353 -46.8005182537637
-814.0409247057212 -347.3589899318664
-652.8341662570717 -439.41683284542773
-493.07969592787947 -578.1208123375939
-823.954784864734 -447.7065107757353
48.18761910181479 -21.077084989081413
91.38930778810573 -429.469362286
-738.3960707999374 4.173021945167875
-214.22517551577687 -34.333717546227945
-903.0567938283478 -293.7604455190708
-35.73894630668258 -642.8553495866607
-471.88310919906655 22.108006880924904
-620.8672977589622 -503.2182643459112
-427.09790129901546 -614.8330169113683
-324.26934953803266 -80.12197762914252
-108.77373783166308 54.4523544697206
-684.848176338596 85.06495644869187
-537.4295710895292 -582.6544808614092
68.36980145834104 -163.51942584882715
-642.1734877728079 -903.0732098982713
-751.2533424167548 10.329683133543767
-776.4297913691616 -530.5924111104287
-709.5303791207552 79.94660999117013
-735.7171509601732 -133.12101052098058
-686.8716091221958 -139.72855690315646
-83.52170655833697 -882.9377595786713
-943.0381218199815 24.789854720615267
-393.4891853467485 -786.5318964220439
-310.3622430432316 -881.1018783361012
-705.8603307887076 -921.3549978720347
-474.1530178030973 -675.8450395375914
-776.6580697188481 -219.32357821515382
-811.9760682290017 55.10627848606032
-505.2155821705406 38.08945552095747
-751.1358734765274 -741.8980988019424
-77.07067431592588 -514.9006562565371
-639.3314194421802 -290.81397407536235
-39.65214505469237 -138.21013037242994
-367.37668170156496 -395.59040841184117
-552.2853520825993 -812.9931762601404
-823.1072822638654 -203.7995037315162
-24.293148431716986 -664.4592118441901
-779.2726894152282 -111.92405662112526
-584.693710967105 -27.19765283270783
-387.853623036994 -812.7356340958313
-250.95731676633375 -275.085009386459
-510.64138438440966 -102.55135120096577
-784.6445558793007 -485.64699370736037
-568.1146182439488 -231.61039611467845
-559.5656026203719 -801.9867015922151
-524.7331023147165 -663.7739939340549
-226.67800462274977 -590.9566438025752
-400.98663010616826 -741.4676054018084
-833.4462116378683 -893.8615146667083
-730.8116290441262 32.318408924451205
-696.7772540854908 -936.1813374674017
-971.3968214893191 -585.8858179582573
-380.01676589684337 -623.3854702085843
-158.33799437004075 -836.6901628954022
-834.9166026375106 -670.2146092086236
-494.970252935121 -502.47828364780815
-490.23128312009277 -137.8771524291093
-895.5180329779375 -772.1711476116229
86.28999548278398 -459.00408526510296
-725.2433516931301 -988.6271492265363
-905.5492454672823 -990.598376995318
-974.0382492862095 70.92213270523052
-258.3511263868256 -253.74584407785676
-706.4846876182386 -312.78514194440606
-547.9065265778136 -209.25853181666128
-883.9978863840375 -666.012885382185
-877.7288775419139 -524.4604207360973
-816.8036764327476 -94.15328019792514
-590.939418207569 -829.3818463205955
-945.5016591237228 -394.3102238004507
-949.7849569931194 -690.7000070318538
-680.3183291948003 -819.4485017712734
-907.2939725616371 -886.2196049573114
-228.23719123753165 -822.0076024623248
-343.85051164347544 -421.44799995537085
-229.3473494653424 -516.3877134631568
31.44508870876234 -276.53999056937914
-146.84556266463244 -118.44450232744123
93.04719509475831 98.90813594859401
-145.60300253272806 -852.7159288054962
-295.3690786671315 -912.8442041173857
-315.9126758339737 -433.18524314802994
-154.89726814025153 -782.00096683214
-968.7157564494331 -780.1311411723018
-495.0790751817851 27.038811505904278
-624.3352216531766 -715.9724932980811
-783.5081506915861 -203.00505240843813
-487.9365489465864 -136.51939569151045
-299.51589437362486 -580.239976854456
-541.0203302086982 -158.03110494676343
-119.10959679731741 -721.1768684311768
-344.4518059819678 -302.7956569378731
-528.9336510564117 -664.6009421129763
-438.4111158104182 -664.756901828257
-388.42006730390244 -909.2870825384106
-961.322922087188 -339.99038167744516
39.207141159847424 -443.2190658950997
-962.3329905411335 -295.86125945907816
-835.9054323363857 -403.9649332064213
-463.164530591068 -772.6997538484331
-256.1371599580755 -636.1484764477266
-96.62623913076118 -846.9733522030573
-779.3015955080572 -560.2028631361043
-603.1495546116776 -219.23339457926568
-886.4587886594801 -206.0420431237104
-299.0954880836491 -642.9727924724252
-611.5087547621861 -355.9008701632158
-332.56795718398064 -575.5641534304931
-569.7310979360157 -464.1651641120502
-729.0122825695021 27.925105343701716
-38.50228619253562 -458.4599628278321
-280.3003446705793 -245.3284663301613
-361.0095178368101 39.16865779493628
-682.7098545295182 -8.229900903710359
-312.96333474512767 -41.45161551670549
-163.34953120088812 -907.3324073917714
78.24210734886924 -125.59113639524844
-848.8435406429321 -605.6045347302522
63.43540371428571 -83.89479285658888
-342.5026257609012 -547.6816839382836
-225.41550642492678 -295.2946372454112
-662.9006850371111 56.78519720213444
-584.5665335008827 -577.693912806041
-29.342302444237248 -478.4697064159294
-886.9050021145154 -287.51381358222363
-919.9357916856668 -329.168402055558
-639.3042160103004 -605.26428455665
-152.78336018417622 -52.382133291459695
-25.5687445193945 -573.0755961145005
-782.232171711924 -240.44225724254784
-821.145988742383 -882.8403803366114
-97.5935753066949 40.72421848531121
48.206556352237385 -372.21821099131535
-214.97705341821722 -64.84368821720614
-474.29641803199866 -588.8169967293588
-887.1298640160948 -566.2717582236617
80.43842699861148 -905.7538073958913
-38.62047471956953 4.791465612078241
-314.3112476087779 -220.75827530704396
-738.2661162017293 -69.62067471320154
-275.9876374597827 -624.0211341335673
-850.6345734582113 15.122722382452594
-847.964464978544 -512.4357702509612
-315.347119481857 -859.3573458027615
-52.50421057240749 4.906805464545528
-826.3497669309883 -60.63464937920264
-581.6024713460961 -478.62111151161264
-63.695559858430784 -743.0123036191227
-472.583885325451 73.96579108994001
-191.77240831589154 -782.9886309389143
-141.09470213796942 -389.8329340114693
-474.97201571752146 -238.788528376743
-106.03972631452893 -687.8350549580002
-620.4048142400526 -525.0586345691147
-836.1363527515085 -184.23268181137644
-262.21627993447873 -151.78305369319116
-916.2929569604419 -536.0233469325431
-156.23348662543196 -470.8639140875505
-480.6688792539411 -346.12676187309535
-312.9381005949782 -889.4646084988447
-328.8547842910549 -616.1311061419483
-943.5789564289412 -838.1385890697295
72.06499966637853 7.44582392880136
-790.8485582220026 87.5696775705012
-257.0404980242839 -979.4402940876282
-330.13806549506614 -902.229137354436
-89.32776926480858 -781.5834898041137
-873.4812488107175 -722.3755276756801
-478.95094704183134 25.887045486915895
-883.7470933839038 -805.7026421937392
-423.76227383308856 -920.9782626042113
-65.08851228232834 -306.4981952860536
-351.4258355353419 -327.12158638922597
-221.72514063418203 -375.97452092937806
-194.48594331678282 39.97267045561102
-679.493919671615 -857.2716254891427
15.873061670346942 -197.47197475640212
-459.9623867633459 -356.0638150297965
-742.847445965557 -766.0366946853776
31.198432902175682 -881.1374789647529
-836.6353172774575 -538.1825222633028
-444.9548566120077 -476.7452651025825
-129.27180135246147 -881.1447868047766
72.47110495655397 -67.58301503492737
-341.48578837908065 -114.23498292066051
-441.748658197739 -123.78801097275141
42.024101665161425 -873.3175558508927
-697.8842223604543 -830.7746939266378
-581.0798032366586 -82.49375845380678
-627.7320891493061 -875.0062102899388
-416.4716274934759 -71.5147980256487
-738.0296462294305 -625.192385250816
-548.2341894015225 -147.10043496784976
-32.06536504204871 -438.23880497927996
-669.2963805815575 -226.66241209565555
-126.6811046015739 -707.3942623373015
-839.5011203830007 -70.46861927549753
-357.50263346143845 -740.6728663107785
-828.0150240787141 -637.7915681938572
-657.8961646350117 -577.9321775170732
-356.38394789309154 -830.504756779913
-502.02851594788325 -957.8706636006257
-126.81991035282431 -367.15693538060464
-186.42371138147007 -103.08959429373363
-34.95464557323237 -517.7836244171283
-180.4871002995377 -318.75305695824215
-592.7801301766102 -332.72388352979897
-44.43766192182807 -316.71327617157556
-654.7956422826444 -346.0752093395695
-953.659456474741 -275.00952182129413
-484.63484310529907 -119.44758060716038
-775.8798492232174 -505.2653091872266
-539.7598012098574 -295.73821902718316
-265.6136934499068 68.98394912085496
-338.72535487358675 -526.6804298011588
-360.22196898599316 -790.9318155571391
-975.7304823811576 -896.4110376438377
-366.12360975037575 49.58302774381832
-758.0676617192391 -918.1531489065964
-695.0531638019801 -275.23723734535247
-388.20963409391425 5.055682225829287
-452.5854910577075 -563.7272124647207
-991.2085397854585 -826.3040066570206
-491.55671697509376 -479.14647178032214
-156.5378977077154 35.165739615714756
-408.93916482204315 -1.4188965031577254
-570.9684143941523 -894.9157154148257
-312.6871928059536 -28.702656916929413
-730.2152537503807 -859.827581283115
-945.8459993238969 -899.6477418314315
-329.8488894879565 -231.90924073843712
-179.8990818668358 47.54858126184922
-242.28687481790223 -915.348263079384
-324.1405466090904 -719.5548630994034
-247.0443586306252 -605.7542976467244
-489.6312123550246 -423.6455905873104
-129.0426834416637 68.5444723525984
-269.8740521327376 -607.0300768910377
-808.135067918623 -346.5059648138998
-426.54895742277097 -223.24495739597887
66.65600718011729 -891.1455841037852
-43.449643599900014 -488.6315835803404
-662.7602480311277 96.55165824020219
-183.15625011295526 -300.3158207172936
33.56043743162127 -751.7556865834675
-432.373616114318 -592.1853103588667
-102.36707598205282 -161.6157803399825
-106.0835616836481 -905.7457058172324
-507.735625390249 -731.027094447983
-495.4846427645014 -267.94896811803073
-484.4369034293966 99.23766193189067
-472.6491330941632 24.788032637554352
-522.657422218041 -978.319835153565
-63.633736811284166 -661.4037657635547
-618.057384540228 -268.1427254578165
-186.43525897072777 -501.2589989331092
-583.9249867300371 -678.8955394767704
-797.9644430600067 9.106805213550842
-843.369897817715 -847.6991949826532
-442.99383278230266 -363.81597354133305
-798.5369957302073 -853.5803780893947
-850.0665729028439 -151.5522600675465
-869.0988034950722 -235.4368597434102
-905.1327769983644 -189.47791580042883
12.867749293636848 -671.1651035708013
25.588519143355825 -72.87340550472652
-420.97092431929116 -39.51351404246509
-114.37508311704278 -663.4524874904619
42.436670717474954 -460.28614472037395
-226.5603664001909 -935.3529168252588
-691.4645579933524 -157.14344917343783
-922.7994994445079 -954.5277455130915
-939.7007999359168 -917.5216154145304
-525.753339279854 -684.352055765702
-580.36796147358 27.616806799271217
-428.1053095334104 -289.57397484257945
-265.2454178313785 -182.9473155447181
-341.2148824104805 -233.6624293552353
-242.0198511299035 10.83630779458781
-797.9582199640098 -398.29888340775005
-905.3712698710625 -351.9876202602884
-491.2923989414731 -325.20791358547854
-930.978272472767 90.67261512629989
-80.22790372793656 -817.9734721337379
-592.1908669760096 -560.8456667450223
-864.8818772173693 -548.1061527969746
-396.2820602121386 -699.9786996686883
-500.9076138192457 49.06645396712747
-225.7730630595703 -895.677781468436
-421.2473447655525 -259.93101876457433
-458.7218522328287 -665.6384095142698
-688.216855018796 -110.15798063506293
-118.95560236552558 69.36649911366135
-359.08861250705957 -765.3229310626
-570.8943484632705 -520.3099994168351
-657.4562213055945 -133.4385351803187
-724.4381341398253 -670.6263529312198
4.844904984894924 -262.0879280713492
-886.8092227018683 -416.36069378893853
-994.8575207161256 -430.1378558072687
-735.8436237719212 35.03221262864486
-149.70441514422157 -68.60031450805582
-116.21910408102758 58.08869106840825
-755.6655373500054 -428.60794734429317
-631.9454741924656 -428.87184486864874
-917.6228035643151 -114.08512324821561
-63.27230875221824 -190.55597455370298
-660.3378877459708 9.363651264026203
-810.1671409729279 -73.25737872395939
-856.6454751443978 -103.98744324882205
-153.15662402663804 -723.4535113273889
-736.4088746960434 -500.3031757956723
-252.8722744409721 -919.7014034456065
-366.32896598529965 -357.65355224005134
-577.1463896452893 -689.4604146881732
-115.52517303437628 -875.0099605812377
-327.4011920451211 -333.2282580629537
-173.9756134947189 -888.5075181606044
-854.3297503347005 -335.2095570793226
-697.9342199775438 -632.277558857978
-352.8894468111064 -229.99711861731942
-508.008703408355 -722.5781309538341
-771.5262460214453 -391.40450166290384
-214.81561406323738 -614.0182279479541
-753.6321597841179 -667.838919532515
-270.29566009423024 -442.9627493530313
-767.8270498713892 -541.5446695385288
-931.4544378016577 -797.2154298611738
-410.4561555411458 -341.6345481393847
-596.4146643241995 -804.8248008827462
-262.24996951211847 -847.373018311749
-135.50748171478529 -404.8316795366567
-415.235812864973 -298.25960599172834
-693.6896281319541 -536.9054209347763
-281.32427799081313 -139.10405407094743
-505.6260975713632 -199.81763959059742
-82.08636940120061 -796.4540033709053
-8.868465317306345 -612.6975643133721
-24.18122924445788 8.617128643713045
-497.5633486664153 -735.7761586388143
-147.2504524590504 45.58379273293599
-437.1099956537387 -452.63040237347593
-304.74921992402324 -600.0082188706834
-501.91449509533857 -180.092698323396
-25.053623786545927 -172.0761657174969
-614.4086911237393 -763.4644782946963
-560.0100201105793 -555.1016809401236
-335.3924294551832 -879.6634826731324
-525.660911750989 -2.457320693570068
-203.72257803075877 -313.32556304146397
-670.9592090498269 67.48254593938077
-396.26019066128094 -440.63153847014144
-596.4795889678886 -75.36763589602322
-554.6133295379292 -290.0430990713194
-809.191133947305 -905.1742174593787
-602.4521966438833 -7.438147751798397
-821.1401936939168 -618.9417157372252
-691.8296184052609 -266.7426184674339
-432.3996535834052 -633.7061168176747
-645.4419693947118 -564.0177581488763
-862.9365642683932 -82.15839057622225
-542.3221554140205 -126.5539228706541
-794.467934772556 -478.7137129125266
-202.9085490060055 -494.6583914302079
-143.2934371633762 -171.0177891697548
-128.02982877199258 -506.0277037892559
-345.30112418253555 -727.3372790042306
-708.2793085376472 -388.9361282400208
-24.565521719550816 -178.3978624123622
-937.2678535383865 -882.3942603320851
-108.72984078435479 -763.0330411801215
-631.9629475664265 -357.3102209382656
-664.2633977479427 -291.874646359286
-583.2870737127071 -964.0411180347077
-159.89314771219017 65.2712670824028
-823.0877516084273 -215.97055931306932
9.353044819054503 -149.46350349689487
-687.2998827774087 -224.2881928916563
-560.9949778073194 -863.0584412082612
55.67942065985744 -623.4520868353118
-83.56831219114747 -395.8423787593513
-576.72253534346 9.766008588993373
-576.5138471702614 -489.0605476228782
-990.7478049373098 -145.26545242395434
-83.11759930073686 -196.55809055099428
-445.42030643391786 -571.082890178631
-889.143023053985 -404.69437424166506
-965.623374018174 -142.77777468485692
-342.20392811288104 77.10498272248083
1.413823095209068 -628.4781820109633
-943.6444114615961 -584.6614678069573
-889.9264181725687 -541.0467616133103
-272.868712037719 -592.7835674610653
-454.8039878653251 -7.718785485376088
-515.0173318798879 -401.74731615344285
-686.872697713964 -281.15004102457203
-137.79658553402362 -336.75232429604114
88.58277642035432 -610.6911618305105
-174.78057858721343 -841.1142034113628
-460.09673347989826 74.6224542098505
-282.71990197447747 -773.4220766904394
-469.0556643564689 -645.310031698024
-979.8462264995741 -56.667264625108146
-767.6941351336138 -789.1711165999548
-1.563767652442607 -787.9232644146914
-213.58914193847556 -622.4739597581345
-805.2820308652565 -555.1268975112882
-297.5360231048588 95.06890933091358
95.30943636625102 -669.3813453450329
-270.1540437714855 -861.527509292194
-830.5238637186453 -543.4149868340002
-830.931742553364 -286.89253942870164
-82.62487711022482 -202.85252322529539
-579.2807978192691 -944.9694849187811
-472.5393472490688 -101.73684934567518
-181.46828500905815 -178.53376149838095
-82.47629027224718 -135.58069923692426
-457.9538574531108 -121.50634293357177
-888.8608059499804 -875.6508396648313
-841.9872280966739 -20.186670256577372
-409.83196810719835 -52.79108957259882
-97.04846371616111 -906.2177537363693
-259.7228987026815 -834.8551714872838
-940.1416197509068 -688.3466889479839
-879.271599164357 84.41627541956018
-429.28341456942303 -859.5040944081458
-898.5034196199292 -762.1763871190918
-397.8813728843327 -189.42981381259654
-856.6000286599258 -237.95022992886618
-519.3546192491392 -64.00936881972996
55.80125694786898 -863.8975409092095
-349.6242943378478 -902.4347068967093
-739.2554119230015 -402.8265167068681
-270.1722264660434 95.01541055961502
-143.297196210837 -440.60890359470636
-481.2373827036499 -227.41386712935605
-281.3281991666504 -800.5121032071121
-963.5535610754553 -724.7845217725139
-647.8158058625655 -104.98183383308617
-972.4438090985343 -253.2085360655568
74.83568441592774 -198.59602654336595
-279.9562801673196 -143.47807521480365
-590.3351834189044 2.514021047295955
-808.4793893121852 -148.85193025392448
-978.8197955160613 -732.3288220595855
-445.30043013449097 -20.87941900295084
-866.5890912114 -416.4321174654517
-573.8136045198034 -297.6192515734008
-337.35181148770425 -695.9633671291813
-951.4718223196963 35.88935131734161
-348.1926739349062 -859.3648993103379
-92.37877593541441 -214.1741711932674
-733.6876490333891 -727.9725531155581
-300.8882077685605 -114.38451003110492
-532.3274283597725 -657.7504722752676
-50.022584124199284 -361.74943798563356
-614.2899345357893 -186.5626375460771
-720.4890839170594 -290.48152854423506
-36.651372969296176 -198.31082356203126
-341.2670297623372 -47.160813239770505
-239.02618353900823 -701.8831595042736
-977.9538040760843 93.12935183236868
-103.14227734079623 -216.919333120033
-440.19144507990484 -710.4330983303938
79.22444171744655 -673.825223670473
-836.4365870485298 -540.8393246204173
-409.06617396540616 69.51679833641742
-51.89362127953598 -609.4910302339965
84.94611635426327 -340.7762853512369
-639.0110271127462 -703.9597664726643
-785.7272427166923 -662.090701051774
-235.35851831831724 -665.8127226773997
-908.8152881136757 -213.02117381828418
-884.247930187119 -548.9867988372545
-161.32100321007158 -264.3011022086981
-770.4790714828482 -209.32841039716538
-270.11403242451104 -257.68902450415203
-65.25936686742955 -884.7330979354787
-689.8526951961462 -195.7615395775315
-674.256571214999 -411.2593718859604
-864.964103954226 -698.0869415970873
-327.38148965075345 -693.2140609436478
-338.298759622205 -544.6156575451956
22.385828788580056 -948.8764747729192
-905.4481673898661 -188.30135170340475
-124.45520937778338 -66.54223925028714
97.03224655580357 86.79978657006654
20.23023655900954 -464.90273152808845
-460.7412241256628 -521.4677325888188
-217.50444198199148 -284.43069290803305
-968.1884755158864 -99.6356891563396
-644.7026583785046 -934.986674649504
-97.76452444343488 -778.0313401939113
-372.1684766040977 -265.40195801355947
-758.4403463891122 -371.0899923708615
-298.6784002483827 -394.8640639463322
-243.91464148450825 -123.13202617057198
-315.88545949585443 0.18667375743473258
-276.2004561593634 -388.21654467231997
-118.26894820088785 -682.0884400476474
-366.2713511044724 3.945459449643863
-670.6647200839025 -966.0146571089463
-533.7840760595298 -870.1713515214099
-490.9112657514456 -425.96640274442484
-811.074517790701 -216.01525297601995
-280.97255672929464 -991.7600997869217
-862.726994929597 -805.9320158429578
-146.30720062017883 -666.6110545320835
-49.900695932896724 64.73239345508455
87.13942874515851 -846.1961841269207
-286.06987099398987 -433.62396608931783
-30.158802451400106 -573.9022674347518
-696.9288422224272 -265.3555979755546
-18.99616343868672 -630.785669172967
-437.2519859405645 -728.6725600521145
-298.31867377280093 -741.6626049347201
-595.6430980031191 -56.543207395346485
